Camera:
  color_order: BGR
  cols: 1280
  cx: 649.49425323114451
  cy: 416.25899378370514
  fps: 30.0
  fx: 645.311
  fy: 641.448
  k1: 0.0
  k2: 0.0
  k3: 0.0
  model: perspective
  name: RealSense_D455
  p1: 0.0
  p2: 0.0
  rows: 720
  setup: monocular
